P 1200.000000 0.000000 -250.000000 
P 1200.000000 0.000000 -360.000000 
L 1200.000000 260.000000 -360.000000 
L 1200.000000 500.000000 -360.000000 
L 624.000000 500.000000 -360.000000 
L 0.000000 500.000000 -360.000000 
L 0.000000 240.000000 -360.000000 
L 0.000000 0.000000 -360.000000 
L 1200.000000 0.000000 -360.000000 
L 1200.000000 0.000000 -250.000000 
P 18.000000 18.000000 -250.000000 
P 18.000000 18.000000 -360.000000 
L 18.000000 240.000000 -360.000000 
L 18.000000 482.000000 -360.000000 
L 624.000000 482.000000 -360.000000 
L 1182.000000 482.000000 -360.000000 
L 1182.000000 260.000000 -360.000000 
L 1182.000000 18.000000 -360.000000 
L 18.000000 18.000000 -360.000000 
L 18.000000 18.000000 -250.000000 
P 36.000000 36.000000 -250.000000 
P 36.000000 36.000000 -360.000000 
L 36.000000 240.000000 -360.000000 
L 36.000000 464.000000 -360.000000 
L 624.000000 464.000000 -360.000000 
L 1164.000000 464.000000 -360.000000 
L 1164.000000 260.000000 -360.000000 
L 1164.000000 36.000000 -360.000000 
L 36.000000 36.000000 -360.000000 
L 36.000000 36.000000 -250.000000 
P 54.000000 54.000000 -250.000000 
P 54.000000 54.000000 -360.000000 
L 54.000000 240.000000 -360.000000 
L 54.000000 446.000000 -360.000000 
L 624.000000 446.000000 -360.000000 
L 1146.000000 446.000000 -360.000000 
L 1146.000000 260.000000 -360.000000 
L 1146.000000 54.000000 -360.000000 
L 54.000000 54.000000 -360.000000 
L 54.000000 54.000000 -250.000000 
P 72.000000 72.000000 -250.000000 
P 72.000000 72.000000 -360.000000 
L 72.000000 240.000000 -360.000000 
L 72.000000 428.000000 -360.000000 
L 624.000000 428.000000 -360.000000 
L 1128.000000 428.000000 -360.000000 
L 1128.000000 260.000000 -360.000000 
L 1128.000000 72.000000 -360.000000 
L 72.000000 72.000000 -360.000000 
L 72.000000 72.000000 -250.000000 
P 90.000000 90.000000 -250.000000 
P 90.000000 90.000000 -360.000000 
L 90.000000 240.000000 -360.000000 
L 90.000000 410.000000 -360.000000 
L 624.000000 410.000000 -360.000000 
L 1110.000000 410.000000 -360.000000 
L 1110.000000 260.000000 -360.000000 
L 1110.000000 90.000000 -360.000000 
L 90.000000 90.000000 -360.000000 
L 90.000000 90.000000 -250.000000 
P 479.400000 108.000000 -250.000000 
P 479.400000 108.000000 -360.000000 
L 488.400000 107.700000 -360.000000 
L 498.200000 107.300000 -360.000000 
L 511.000000 107.000000 -360.000000 
L 521.200000 107.200000 -360.000000 
L 530.100000 107.500000 -360.000000 
L 536.100000 107.600000 -360.000000 
L 546.900000 107.900000 -360.000000 
L 1092.000000 108.000000 -360.000000 
L 1092.000000 232.300000 -360.000000 
L 1096.800000 245.400000 -360.000000 
L 1097.200000 251.400000 -360.000000 
L 1092.000000 260.200000 -360.000000 
L 1092.000000 392.000000 -360.000000 
L 624.000000 392.000000 -360.000000 
L 108.000000 392.000000 -360.000000 
L 108.000000 240.000000 -360.000000 
L 108.000000 108.000000 -360.000000 
L 479.400000 108.000000 -360.000000 
L 479.400000 108.000000 -250.000000 
P 361.900000 126.000000 -250.000000 
P 361.900000 126.000000 -360.000000 
L 379.500000 121.900000 -360.000000 
L 390.100000 119.800000 -360.000000 
L 405.300000 117.000000 -360.000000 
L 412.800000 115.600000 -360.000000 
L 427.100000 113.600000 -360.000000 
L 446.200000 110.900000 -360.000000 
L 468.600000 108.900000 -360.000000 
L 479.900000 108.000000 -360.000000 
L 488.400000 107.700000 -360.000000 
L 498.200000 107.300000 -360.000000 
L 511.000000 107.000000 -360.000000 
L 521.200000 107.200000 -360.000000 
L 530.100000 107.500000 -360.000000 
L 536.100000 107.600000 -360.000000 
L 546.900000 107.900000 -360.000000 
L 566.500000 109.600000 -360.000000 
L 581.600000 110.900000 -360.000000 
L 588.700000 111.500000 -360.000000 
L 609.100000 114.200000 -360.000000 
L 632.700000 117.500000 -360.000000 
L 648.800000 120.400000 -360.000000 
L 658.200000 122.200000 -360.000000 
L 678.600000 126.000000 -360.000000 
L 1074.000000 126.000000 -360.000000 
L 1074.000000 227.000000 -360.000000 
L 1086.700000 229.400000 -360.000000 
L 1094.500000 236.700000 -360.000000 
L 1096.800000 245.400000 -360.000000 
L 1097.200000 251.400000 -360.000000 
L 1091.200000 260.600000 -360.000000 
L 1082.000000 264.600000 -360.000000 
L 1074.000000 266.400000 -360.000000 
L 1074.000000 374.000000 -360.000000 
L 644.200000 374.000000 -360.000000 
L 638.200000 375.100000 -360.000000 
L 615.800000 378.500000 -360.000000 
L 609.800000 379.400000 -360.000000 
L 583.500000 382.500000 -360.000000 
L 566.600000 384.100000 -360.000000 
L 558.300000 384.800000 -360.000000 
L 548.000000 385.400000 -360.000000 
L 536.400000 386.000000 -360.000000 
L 521.100000 386.400000 -360.000000 
L 514.200000 386.500000 -360.000000 
L 498.300000 386.100000 -360.000000 
L 480.400000 385.500000 -360.000000 
L 450.300000 383.000000 -360.000000 
L 441.400000 381.900000 -360.000000 
L 413.200000 377.900000 -360.000000 
L 391.900000 374.000000 -360.000000 
L 126.000000 374.000000 -360.000000 
L 126.000000 240.000000 -360.000000 
L 126.000000 126.000000 -360.000000 
L 361.900000 126.000000 -360.000000 
L 361.900000 126.000000 -250.000000 
P 298.500000 144.000000 -250.000000 
P 298.500000 144.000000 -360.000000 
L 309.600000 140.300000 -360.000000 
L 316.500000 138.200000 -360.000000 
L 325.100000 135.700000 -360.000000 
L 339.400000 131.700000 -360.000000 
L 346.400000 129.700000 -360.000000 
L 361.500000 126.100000 -360.000000 
L 379.500000 121.900000 -360.000000 
L 390.100000 119.800000 -360.000000 
L 405.300000 117.000000 -360.000000 
L 412.800000 115.600000 -360.000000 
L 427.100000 113.600000 -360.000000 
L 446.200000 110.900000 -360.000000 
L 468.600000 108.900000 -360.000000 
L 479.900000 108.000000 -360.000000 
L 488.400000 107.700000 -360.000000 
L 498.200000 107.300000 -360.000000 
L 511.000000 107.000000 -360.000000 
L 521.200000 107.200000 -360.000000 
L 530.100000 107.500000 -360.000000 
L 536.100000 107.600000 -360.000000 
L 546.900000 107.900000 -360.000000 
L 566.500000 109.600000 -360.000000 
L 581.600000 110.900000 -360.000000 
L 588.700000 111.500000 -360.000000 
L 609.100000 114.200000 -360.000000 
L 632.700000 117.500000 -360.000000 
L 648.800000 120.400000 -360.000000 
L 658.200000 122.200000 -360.000000 
L 681.200000 126.500000 -360.000000 
L 690.100000 128.300000 -360.000000 
L 707.200000 132.200000 -360.000000 
L 713.600000 133.700000 -360.000000 
L 740.700000 139.900000 -360.000000 
L 750.300000 142.400000 -360.000000 
L 756.400000 144.000000 -360.000000 
L 1056.000000 144.000000 -360.000000 
L 1056.000000 223.400000 -360.000000 
L 1062.400000 224.700000 -360.000000 
L 1073.300000 226.900000 -360.000000 
L 1086.700000 229.400000 -360.000000 
L 1094.500000 236.700000 -360.000000 
L 1096.800000 245.400000 -360.000000 
L 1097.200000 251.400000 -360.000000 
L 1091.200000 260.600000 -360.000000 
L 1082.000000 264.600000 -360.000000 
L 1062.300000 268.700000 -360.000000 
L 1056.000000 270.100000 -360.000000 
L 1056.000000 356.000000 -360.000000 
L 730.500000 356.000000 -360.000000 
L 718.100000 358.900000 -360.000000 
L 707.400000 361.300000 -360.000000 
L 697.400000 363.600000 -360.000000 
L 681.300000 367.000000 -360.000000 
L 667.100000 369.900000 -360.000000 
L 658.100000 371.500000 -360.000000 
L 649.400000 373.100000 -360.000000 
L 638.400000 375.000000 -360.000000 
L 615.800000 378.500000 -360.000000 
L 609.800000 379.400000 -360.000000 
L 583.500000 382.500000 -360.000000 
L 566.600000 384.100000 -360.000000 
L 558.300000 384.800000 -360.000000 
L 548.000000 385.400000 -360.000000 
L 536.400000 386.000000 -360.000000 
L 521.100000 386.400000 -360.000000 
L 514.200000 386.500000 -360.000000 
L 498.300000 386.100000 -360.000000 
L 480.400000 385.500000 -360.000000 
L 450.300000 383.000000 -360.000000 
L 441.400000 381.900000 -360.000000 
L 413.200000 377.900000 -360.000000 
L 390.200000 373.700000 -360.000000 
L 379.900000 371.700000 -360.000000 
L 369.000000 369.100000 -360.000000 
L 346.900000 363.900000 -360.000000 
L 325.200000 357.800000 -360.000000 
L 319.000000 356.000000 -360.000000 
L 144.000000 356.000000 -360.000000 
L 144.000000 240.000000 -360.000000 
L 144.000000 144.000000 -360.000000 
L 298.500000 144.000000 -360.000000 
L 298.500000 144.000000 -250.000000 
P 1038.000000 219.500000 -250.000000 
P 1038.000000 219.500000 -360.000000 
L 1044.700000 220.900000 -360.000000 
L 1055.700000 223.300000 -360.000000 
L 1062.400000 224.700000 -360.000000 
L 1073.300000 226.900000 -360.000000 
L 1086.700000 229.400000 -360.000000 
L 1094.500000 236.700000 -360.000000 
L 1096.800000 245.400000 -360.000000 
L 1097.200000 251.400000 -360.000000 
L 1091.200000 260.600000 -360.000000 
L 1082.000000 264.600000 -360.000000 
L 1062.300000 268.700000 -360.000000 
L 1051.600000 271.000000 -360.000000 
L 1038.000000 274.100000 -360.000000 
L 1038.000000 338.000000 -360.000000 
L 800.000000 338.000000 -360.000000 
L 771.600000 345.600000 -360.000000 
L 765.700000 347.200000 -360.000000 
L 750.200000 351.100000 -360.000000 
L 730.500000 356.000000 -360.000000 
L 718.100000 358.900000 -360.000000 
L 707.400000 361.300000 -360.000000 
L 697.400000 363.600000 -360.000000 
L 681.300000 367.000000 -360.000000 
L 667.100000 369.900000 -360.000000 
L 658.100000 371.500000 -360.000000 
L 649.400000 373.100000 -360.000000 
L 638.400000 375.000000 -360.000000 
L 615.800000 378.500000 -360.000000 
L 609.800000 379.400000 -360.000000 
L 583.500000 382.500000 -360.000000 
L 566.600000 384.100000 -360.000000 
L 558.300000 384.800000 -360.000000 
L 548.000000 385.400000 -360.000000 
L 536.400000 386.000000 -360.000000 
L 521.100000 386.400000 -360.000000 
L 514.200000 386.500000 -360.000000 
L 498.300000 386.100000 -360.000000 
L 480.400000 385.500000 -360.000000 
L 450.300000 383.000000 -360.000000 
L 441.400000 381.900000 -360.000000 
L 413.200000 377.900000 -360.000000 
L 390.200000 373.700000 -360.000000 
L 379.900000 371.700000 -360.000000 
L 369.000000 369.100000 -360.000000 
L 346.900000 363.900000 -360.000000 
L 325.200000 357.800000 -360.000000 
L 315.700000 355.100000 -360.000000 
L 303.500000 351.100000 -360.000000 
L 297.700000 349.200000 -360.000000 
L 289.200000 346.000000 -360.000000 
L 281.500000 343.300000 -360.000000 
L 274.400000 340.400000 -360.000000 
L 162.000000 338.000000 -360.000000 
L 162.000000 240.000000 -360.000000 
L 162.000000 162.000000 -360.000000 
L 255.900000 162.000000 -360.000000 
L 262.900000 158.500000 -360.000000 
L 270.500000 154.800000 -360.000000 
L 281.100000 150.300000 -360.000000 
L 289.200000 147.400000 -360.000000 
L 297.300000 144.400000 -360.000000 
L 309.600000 140.300000 -360.000000 
L 316.500000 138.200000 -360.000000 
L 325.100000 135.700000 -360.000000 
L 339.400000 131.700000 -360.000000 
L 346.400000 129.700000 -360.000000 
L 361.500000 126.100000 -360.000000 
L 379.500000 121.900000 -360.000000 
L 390.100000 119.800000 -360.000000 
L 405.300000 117.000000 -360.000000 
L 412.800000 115.600000 -360.000000 
L 427.100000 113.600000 -360.000000 
L 446.200000 110.900000 -360.000000 
L 468.600000 108.900000 -360.000000 
L 479.900000 108.000000 -360.000000 
L 488.400000 107.700000 -360.000000 
L 498.200000 107.300000 -360.000000 
L 511.000000 107.000000 -360.000000 
L 521.200000 107.200000 -360.000000 
L 530.100000 107.500000 -360.000000 
L 536.100000 107.600000 -360.000000 
L 546.900000 107.900000 -360.000000 
L 566.500000 109.600000 -360.000000 
L 581.600000 110.900000 -360.000000 
L 588.700000 111.500000 -360.000000 
L 609.100000 114.200000 -360.000000 
L 632.700000 117.500000 -360.000000 
L 648.800000 120.400000 -360.000000 
L 658.200000 122.200000 -360.000000 
L 681.200000 126.500000 -360.000000 
L 690.100000 128.300000 -360.000000 
L 707.200000 132.200000 -360.000000 
L 713.600000 133.700000 -360.000000 
L 740.700000 139.900000 -360.000000 
L 750.300000 142.400000 -360.000000 
L 761.900000 145.500000 -360.000000 
L 802.400000 156.100000 -360.000000 
L 809.100000 157.900000 -360.000000 
L 816.000000 159.800000 -360.000000 
L 823.900000 162.000000 -360.000000 
L 1038.000000 162.000000 -360.000000 
L 1038.000000 219.500000 -360.000000 
L 1038.000000 219.500000 -250.000000 
P 1020.000000 215.200000 -250.000000 
P 1020.000000 215.200000 -360.000000 
L 1026.200000 216.700000 -360.000000 
L 1038.100000 219.500000 -360.000000 
L 1044.700000 220.900000 -360.000000 
L 1055.700000 223.300000 -360.000000 
L 1062.400000 224.700000 -360.000000 
L 1073.300000 226.900000 -360.000000 
L 1086.700000 229.400000 -360.000000 
L 1094.500000 236.700000 -360.000000 
L 1096.800000 245.400000 -360.000000 
L 1097.200000 251.400000 -360.000000 
L 1091.200000 260.600000 -360.000000 
L 1082.000000 264.600000 -360.000000 
L 1062.300000 268.700000 -360.000000 
L 1051.600000 271.000000 -360.000000 
L 1026.200000 276.800000 -360.000000 
L 1020.000000 278.300000 -360.000000 
L 1020.000000 320.000000 -360.000000 
L 864.800000 320.000000 -360.000000 
L 850.100000 324.100000 -360.000000 
L 842.400000 326.300000 -360.000000 
L 816.000000 333.700000 -360.000000 
L 809.100000 335.600000 -360.000000 
L 771.600000 345.600000 -360.000000 
L 765.700000 347.200000 -360.000000 
L 750.200000 351.100000 -360.000000 
L 730.500000 356.000000 -360.000000 
L 718.100000 358.900000 -360.000000 
L 707.400000 361.300000 -360.000000 
L 697.400000 363.600000 -360.000000 
L 681.300000 367.000000 -360.000000 
L 667.100000 369.900000 -360.000000 
L 658.100000 371.500000 -360.000000 
L 649.400000 373.100000 -360.000000 
L 638.400000 375.000000 -360.000000 
L 615.800000 378.500000 -360.000000 
L 609.800000 379.400000 -360.000000 
L 583.500000 382.500000 -360.000000 
L 566.600000 384.100000 -360.000000 
L 558.300000 384.800000 -360.000000 
L 548.000000 385.400000 -360.000000 
L 536.400000 386.000000 -360.000000 
L 521.100000 386.400000 -360.000000 
L 514.200000 386.500000 -360.000000 
L 498.300000 386.100000 -360.000000 
L 480.400000 385.500000 -360.000000 
L 450.300000 383.000000 -360.000000 
L 441.400000 381.900000 -360.000000 
L 413.200000 377.900000 -360.000000 
L 390.200000 373.700000 -360.000000 
L 379.900000 371.700000 -360.000000 
L 369.000000 369.100000 -360.000000 
L 346.900000 363.900000 -360.000000 
L 325.200000 357.800000 -360.000000 
L 315.700000 355.100000 -360.000000 
L 303.500000 351.100000 -360.000000 
L 297.700000 349.200000 -360.000000 
L 289.200000 346.000000 -360.000000 
L 281.500000 343.300000 -360.000000 
L 274.400000 340.400000 -360.000000 
L 264.700000 335.900000 -360.000000 
L 258.900000 333.000000 -360.000000 
L 251.100000 328.900000 -360.000000 
L 245.200000 325.600000 -360.000000 
L 239.700000 322.400000 -360.000000 
L 180.000000 320.000000 -360.000000 
L 180.000000 240.000000 -360.000000 
L 180.000000 180.000000 -360.000000 
L 227.100000 180.000000 -360.000000 
L 232.300000 176.100000 -360.000000 
L 237.500000 172.500000 -360.000000 
L 243.200000 169.000000 -360.000000 
L 249.600000 165.300000 -360.000000 
L 259.300000 160.200000 -360.000000 
L 270.500000 154.800000 -360.000000 
L 281.100000 150.300000 -360.000000 
L 289.200000 147.400000 -360.000000 
L 297.300000 144.400000 -360.000000 
L 309.600000 140.300000 -360.000000 
L 316.500000 138.200000 -360.000000 
L 325.100000 135.700000 -360.000000 
L 339.400000 131.700000 -360.000000 
L 346.400000 129.700000 -360.000000 
L 361.500000 126.100000 -360.000000 
L 379.500000 121.900000 -360.000000 
L 390.100000 119.800000 -360.000000 
L 405.300000 117.000000 -360.000000 
L 412.800000 115.600000 -360.000000 
L 427.100000 113.600000 -360.000000 
L 446.200000 110.900000 -360.000000 
L 468.600000 108.900000 -360.000000 
L 479.900000 108.000000 -360.000000 
L 488.400000 107.700000 -360.000000 
L 498.200000 107.300000 -360.000000 
L 511.000000 107.000000 -360.000000 
L 521.200000 107.200000 -360.000000 
L 530.100000 107.500000 -360.000000 
L 536.100000 107.600000 -360.000000 
L 546.900000 107.900000 -360.000000 
L 566.500000 109.600000 -360.000000 
L 581.600000 110.900000 -360.000000 
L 588.700000 111.500000 -360.000000 
L 609.100000 114.200000 -360.000000 
L 632.700000 117.500000 -360.000000 
L 648.800000 120.400000 -360.000000 
L 658.200000 122.200000 -360.000000 
L 681.200000 126.500000 -360.000000 
L 690.100000 128.300000 -360.000000 
L 707.200000 132.200000 -360.000000 
L 713.600000 133.700000 -360.000000 
L 740.700000 139.900000 -360.000000 
L 750.300000 142.400000 -360.000000 
L 761.900000 145.500000 -360.000000 
L 802.400000 156.100000 -360.000000 
L 809.100000 157.900000 -360.000000 
L 816.000000 159.800000 -360.000000 
L 848.000000 168.700000 -360.000000 
L 875.200000 176.400000 -360.000000 
L 883.800000 178.800000 -360.000000 
L 1020.000000 180.000000 -360.000000 
L 1020.000000 215.200000 -360.000000 
L 1020.000000 215.200000 -250.000000 
P 929.000000 302.000000 -250.000000 
P 929.000000 302.000000 -360.000000 
L 890.000000 312.900000 -360.000000 
L 883.800000 314.700000 -360.000000 
L 875.200000 317.100000 -360.000000 
L 850.100000 324.100000 -360.000000 
L 842.400000 326.300000 -360.000000 
L 816.000000 333.700000 -360.000000 
L 809.100000 335.600000 -360.000000 
L 771.600000 345.600000 -360.000000 
L 765.700000 347.200000 -360.000000 
L 750.200000 351.100000 -360.000000 
L 730.500000 356.000000 -360.000000 
L 718.100000 358.900000 -360.000000 
L 707.400000 361.300000 -360.000000 
L 697.400000 363.600000 -360.000000 
L 681.300000 367.000000 -360.000000 
L 667.100000 369.900000 -360.000000 
L 658.100000 371.500000 -360.000000 
L 649.400000 373.100000 -360.000000 
L 638.400000 375.000000 -360.000000 
L 615.800000 378.500000 -360.000000 
L 609.800000 379.400000 -360.000000 
L 583.500000 382.500000 -360.000000 
L 566.600000 384.100000 -360.000000 
L 558.300000 384.800000 -360.000000 
L 548.000000 385.400000 -360.000000 
L 536.400000 386.000000 -360.000000 
L 521.100000 386.400000 -360.000000 
L 514.200000 386.500000 -360.000000 
L 498.300000 386.100000 -360.000000 
L 480.400000 385.500000 -360.000000 
L 450.300000 383.000000 -360.000000 
L 441.400000 381.900000 -360.000000 
L 413.200000 377.900000 -360.000000 
L 390.200000 373.700000 -360.000000 
L 379.900000 371.700000 -360.000000 
L 369.000000 369.100000 -360.000000 
L 346.900000 363.900000 -360.000000 
L 325.200000 357.800000 -360.000000 
L 315.700000 355.100000 -360.000000 
L 303.500000 351.100000 -360.000000 
L 297.700000 349.200000 -360.000000 
L 289.200000 346.000000 -360.000000 
L 281.500000 343.300000 -360.000000 
L 274.400000 340.400000 -360.000000 
L 264.700000 335.900000 -360.000000 
L 258.900000 333.000000 -360.000000 
L 251.100000 328.900000 -360.000000 
L 245.200000 325.600000 -360.000000 
L 239.700000 322.400000 -360.000000 
L 234.600000 319.100000 -360.000000 
L 229.700000 315.500000 -360.000000 
L 224.200000 310.900000 -360.000000 
L 218.700000 305.500000 -360.000000 
L 198.000000 302.000000 -360.000000 
L 198.000000 275.900000 -360.000000 
L 194.900000 269.100000 -360.000000 
L 192.000000 258.400000 -360.000000 
L 191.300000 249.400000 -360.000000 
L 191.100000 241.100000 -360.000000 
L 193.600000 228.000000 -360.000000 
L 198.000000 217.500000 -360.000000 
L 198.000000 198.000000 -360.000000 
L 210.400000 198.000000 -360.000000 
L 215.600000 191.700000 -360.000000 
L 223.600000 183.200000 -360.000000 
L 228.500000 178.800000 -360.000000 
L 234.100000 174.700000 -360.000000 
L 239.300000 171.300000 -360.000000 
L 244.500000 168.200000 -360.000000 
L 249.800000 165.200000 -360.000000 
L 259.300000 160.200000 -360.000000 
L 270.500000 154.800000 -360.000000 
L 281.100000 150.300000 -360.000000 
L 289.200000 147.400000 -360.000000 
L 297.300000 144.400000 -360.000000 
L 309.600000 140.300000 -360.000000 
L 316.500000 138.200000 -360.000000 
L 325.100000 135.700000 -360.000000 
L 339.400000 131.700000 -360.000000 
L 346.400000 129.700000 -360.000000 
L 361.500000 126.100000 -360.000000 
L 379.500000 121.900000 -360.000000 
L 390.100000 119.800000 -360.000000 
L 405.300000 117.000000 -360.000000 
L 412.800000 115.600000 -360.000000 
L 427.100000 113.600000 -360.000000 
L 446.200000 110.900000 -360.000000 
L 468.600000 108.900000 -360.000000 
L 479.900000 108.000000 -360.000000 
L 488.400000 107.700000 -360.000000 
L 498.200000 107.300000 -360.000000 
L 511.000000 107.000000 -360.000000 
L 521.200000 107.200000 -360.000000 
L 530.100000 107.500000 -360.000000 
L 536.100000 107.600000 -360.000000 
L 546.900000 107.900000 -360.000000 
L 566.500000 109.600000 -360.000000 
L 581.600000 110.900000 -360.000000 
L 588.700000 111.500000 -360.000000 
L 609.100000 114.200000 -360.000000 
L 632.700000 117.500000 -360.000000 
L 648.800000 120.400000 -360.000000 
L 658.200000 122.200000 -360.000000 
L 681.200000 126.500000 -360.000000 
L 690.100000 128.300000 -360.000000 
L 707.200000 132.200000 -360.000000 
L 713.600000 133.700000 -360.000000 
L 740.700000 139.900000 -360.000000 
L 750.300000 142.400000 -360.000000 
L 761.900000 145.500000 -360.000000 
L 802.400000 156.100000 -360.000000 
L 809.100000 157.900000 -360.000000 
L 816.000000 159.800000 -360.000000 
L 848.000000 168.700000 -360.000000 
L 875.200000 176.400000 -360.000000 
L 883.800000 178.800000 -360.000000 
L 890.000000 180.600000 -360.000000 
L 907.800000 185.600000 -360.000000 
L 914.800000 187.500000 -360.000000 
L 937.000000 193.600000 -360.000000 
L 946.400000 196.200000 -360.000000 
L 953.000000 198.000000 -360.000000 
L 1002.000000 198.000000 -360.000000 
L 1002.000000 210.900000 -360.000000 
L 1011.500000 213.200000 -360.000000 
L 1026.200000 216.700000 -360.000000 
L 1038.100000 219.500000 -360.000000 
L 1044.700000 220.900000 -360.000000 
L 1055.700000 223.300000 -360.000000 
L 1062.400000 224.700000 -360.000000 
L 1073.300000 226.900000 -360.000000 
L 1086.700000 229.400000 -360.000000 
L 1094.500000 236.700000 -360.000000 
L 1096.800000 245.400000 -360.000000 
L 1097.200000 251.400000 -360.000000 
L 1091.200000 260.600000 -360.000000 
L 1082.000000 264.600000 -360.000000 
L 1062.300000 268.700000 -360.000000 
L 1051.600000 271.000000 -360.000000 
L 1026.200000 276.800000 -360.000000 
L 1016.600000 279.100000 -360.000000 
L 1008.900000 280.900000 -360.000000 
L 1002.000000 282.700000 -360.000000 
L 1002.000000 302.000000 -360.000000 
L 929.000000 302.000000 -360.000000 
L 929.000000 302.000000 -250.000000 
P 223.900000 182.800000 -250.000000 
P 223.900000 182.800000 -360.000000 
L 228.500000 178.800000 -360.000000 
L 234.100000 174.700000 -360.000000 
L 239.300000 171.300000 -360.000000 
L 244.500000 168.200000 -360.000000 
L 249.800000 165.200000 -360.000000 
L 259.300000 160.200000 -360.000000 
L 270.500000 154.800000 -360.000000 
L 281.100000 150.300000 -360.000000 
L 289.200000 147.400000 -360.000000 
L 297.300000 144.400000 -360.000000 
L 309.600000 140.300000 -360.000000 
L 316.500000 138.200000 -360.000000 
L 325.100000 135.700000 -360.000000 
L 339.400000 131.700000 -360.000000 
L 346.400000 129.700000 -360.000000 
L 361.500000 126.100000 -360.000000 
L 379.500000 121.900000 -360.000000 
L 390.100000 119.800000 -360.000000 
L 405.300000 117.000000 -360.000000 
L 412.800000 115.600000 -360.000000 
L 427.100000 113.600000 -360.000000 
L 446.200000 110.900000 -360.000000 
L 468.600000 108.900000 -360.000000 
L 479.900000 108.000000 -360.000000 
L 488.400000 107.700000 -360.000000 
L 498.200000 107.300000 -360.000000 
L 511.000000 107.000000 -360.000000 
L 521.200000 107.200000 -360.000000 
L 530.100000 107.500000 -360.000000 
L 536.100000 107.600000 -360.000000 
L 546.900000 107.900000 -360.000000 
L 566.500000 109.600000 -360.000000 
L 581.600000 110.900000 -360.000000 
L 588.700000 111.500000 -360.000000 
L 609.100000 114.200000 -360.000000 
L 632.700000 117.500000 -360.000000 
L 648.800000 120.400000 -360.000000 
L 658.200000 122.200000 -360.000000 
L 681.200000 126.500000 -360.000000 
L 690.100000 128.300000 -360.000000 
L 707.200000 132.200000 -360.000000 
L 713.600000 133.700000 -360.000000 
L 740.700000 139.900000 -360.000000 
L 750.300000 142.400000 -360.000000 
L 761.900000 145.500000 -360.000000 
L 802.400000 156.100000 -360.000000 
L 809.100000 157.900000 -360.000000 
L 816.000000 159.800000 -360.000000 
L 848.000000 168.700000 -360.000000 
L 875.200000 176.400000 -360.000000 
L 883.800000 178.800000 -360.000000 
L 890.000000 180.600000 -360.000000 
L 907.800000 185.600000 -360.000000 
L 914.800000 187.500000 -360.000000 
L 937.000000 193.600000 -360.000000 
L 946.400000 196.200000 -360.000000 
L 955.500000 198.700000 -360.000000 
L 964.600000 201.200000 -360.000000 
L 976.800000 204.300000 -360.000000 
L 1004.300000 211.400000 -360.000000 
L 1011.500000 213.200000 -360.000000 
L 1026.200000 216.700000 -360.000000 
L 1038.100000 219.500000 -360.000000 
L 1044.700000 220.900000 -360.000000 
L 1055.700000 223.300000 -360.000000 
L 1062.400000 224.700000 -360.000000 
L 1073.300000 226.900000 -360.000000 
L 1086.700000 229.400000 -360.000000 
L 1094.500000 236.700000 -360.000000 
L 1096.800000 245.400000 -360.000000 
L 1097.200000 251.400000 -360.000000 
L 1091.200000 260.600000 -360.000000 
L 1082.000000 264.600000 -360.000000 
L 1062.300000 268.700000 -360.000000 
L 1051.600000 271.000000 -360.000000 
L 1026.200000 276.800000 -360.000000 
L 1016.600000 279.100000 -360.000000 
L 1008.900000 280.900000 -360.000000 
L 967.400000 291.700000 -360.000000 
L 955.400000 294.800000 -360.000000 
L 941.200000 298.600000 -360.000000 
L 929.600000 301.800000 -360.000000 
L 890.000000 312.900000 -360.000000 
L 883.800000 314.700000 -360.000000 
L 875.200000 317.100000 -360.000000 
L 850.100000 324.100000 -360.000000 
L 842.400000 326.300000 -360.000000 
L 816.000000 333.700000 -360.000000 
L 809.100000 335.600000 -360.000000 
L 771.600000 345.600000 -360.000000 
L 765.700000 347.200000 -360.000000 
L 750.200000 351.100000 -360.000000 
L 730.500000 356.000000 -360.000000 
L 718.100000 358.900000 -360.000000 
L 707.400000 361.300000 -360.000000 
L 697.400000 363.600000 -360.000000 
L 681.300000 367.000000 -360.000000 
L 667.100000 369.900000 -360.000000 
L 658.100000 371.500000 -360.000000 
L 649.400000 373.100000 -360.000000 
L 638.400000 375.000000 -360.000000 
L 615.800000 378.500000 -360.000000 
L 609.800000 379.400000 -360.000000 
L 583.500000 382.500000 -360.000000 
L 566.600000 384.100000 -360.000000 
L 558.300000 384.800000 -360.000000 
L 548.000000 385.400000 -360.000000 
L 536.400000 386.000000 -360.000000 
L 521.100000 386.400000 -360.000000 
L 514.200000 386.500000 -360.000000 
L 498.300000 386.100000 -360.000000 
L 480.400000 385.500000 -360.000000 
L 450.300000 383.000000 -360.000000 
L 441.400000 381.900000 -360.000000 
L 413.200000 377.900000 -360.000000 
L 390.200000 373.700000 -360.000000 
L 379.900000 371.700000 -360.000000 
L 369.000000 369.100000 -360.000000 
L 346.900000 363.900000 -360.000000 
L 325.200000 357.800000 -360.000000 
L 315.700000 355.100000 -360.000000 
L 303.500000 351.100000 -360.000000 
L 297.700000 349.200000 -360.000000 
L 289.200000 346.000000 -360.000000 
L 281.500000 343.300000 -360.000000 
L 274.400000 340.400000 -360.000000 
L 264.700000 335.900000 -360.000000 
L 258.900000 333.000000 -360.000000 
L 251.100000 328.900000 -360.000000 
L 245.200000 325.600000 -360.000000 
L 239.700000 322.400000 -360.000000 
L 234.600000 319.100000 -360.000000 
L 229.700000 315.500000 -360.000000 
L 224.200000 310.900000 -360.000000 
L 218.700000 305.500000 -360.000000 
L 214.300000 300.300000 -360.000000 
L 210.500000 295.700000 -360.000000 
L 206.800000 290.600000 -360.000000 
L 199.300000 278.600000 -360.000000 
L 194.900000 269.100000 -360.000000 
L 192.000000 258.400000 -360.000000 
L 191.300000 249.400000 -360.000000 
L 191.100000 241.100000 -360.000000 
L 193.600000 228.000000 -360.000000 
L 198.700000 216.000000 -360.000000 
L 203.600000 208.000000 -360.000000 
L 206.900000 202.700000 -360.000000 
L 211.500000 196.500000 -360.000000 
L 215.600000 191.700000 -360.000000 
L 223.600000 183.200000 -360.000000 
L 223.900000 182.800000 -250.000000 
P 223.900000 182.800000 -360.000000 
L 228.500000 178.800000 -360.000000 
L 234.100000 174.700000 -360.000000 
L 239.300000 171.300000 -360.000000 
L 244.500000 168.200000 -360.000000 
L 249.800000 165.200000 -360.000000 
L 259.300000 160.200000 -360.000000 
L 270.500000 154.800000 -360.000000 
L 281.100000 150.300000 -360.000000 
L 289.200000 147.400000 -360.000000 
L 297.300000 144.400000 -360.000000 
L 309.600000 140.300000 -360.000000 
L 316.500000 138.200000 -360.000000 
L 325.100000 135.700000 -360.000000 
L 339.400000 131.700000 -360.000000 
L 346.400000 129.700000 -360.000000 
L 361.500000 126.100000 -360.000000 
L 379.500000 121.900000 -360.000000 
L 390.100000 119.800000 -360.000000 
L 405.300000 117.000000 -360.000000 
L 412.800000 115.600000 -360.000000 
L 427.100000 113.600000 -360.000000 
L 446.200000 110.900000 -360.000000 
L 468.600000 108.900000 -360.000000 
L 479.900000 108.000000 -360.000000 
L 488.400000 107.700000 -360.000000 
L 498.200000 107.300000 -360.000000 
L 511.000000 107.000000 -360.000000 
L 521.200000 107.200000 -360.000000 
L 530.100000 107.500000 -360.000000 
L 536.100000 107.600000 -360.000000 
L 546.900000 107.900000 -360.000000 
L 566.500000 109.600000 -360.000000 
L 581.600000 110.900000 -360.000000 
L 588.700000 111.500000 -360.000000 
L 609.100000 114.200000 -360.000000 
L 632.700000 117.500000 -360.000000 
L 648.800000 120.400000 -360.000000 
L 658.200000 122.200000 -360.000000 
L 681.200000 126.500000 -360.000000 
L 690.100000 128.300000 -360.000000 
L 707.200000 132.200000 -360.000000 
L 713.600000 133.700000 -360.000000 
L 740.700000 139.900000 -360.000000 
L 750.300000 142.400000 -360.000000 
L 761.900000 145.500000 -360.000000 
L 802.400000 156.100000 -360.000000 
L 809.100000 157.900000 -360.000000 
L 816.000000 159.800000 -360.000000 
L 848.000000 168.700000 -360.000000 
L 875.200000 176.400000 -360.000000 
L 883.800000 178.800000 -360.000000 
L 890.000000 180.600000 -360.000000 
L 907.800000 185.600000 -360.000000 
L 914.800000 187.500000 -360.000000 
L 937.000000 193.600000 -360.000000 
L 946.400000 196.200000 -360.000000 
L 955.500000 198.700000 -360.000000 
L 964.600000 201.200000 -360.000000 
L 976.800000 204.300000 -360.000000 
L 1004.300000 211.400000 -360.000000 
L 1011.500000 213.200000 -360.000000 
L 1026.200000 216.700000 -360.000000 
L 1038.100000 219.500000 -360.000000 
L 1044.700000 220.900000 -360.000000 
L 1055.700000 223.300000 -360.000000 
L 1062.400000 224.700000 -360.000000 
L 1073.300000 226.900000 -360.000000 
L 1086.700000 229.400000 -360.000000 
L 1094.500000 236.700000 -360.000000 
L 1096.800000 245.400000 -360.000000 
L 1097.200000 251.400000 -360.000000 
L 1091.200000 260.600000 -360.000000 
L 1082.000000 264.600000 -360.000000 
L 1062.300000 268.700000 -360.000000 
L 1051.600000 271.000000 -360.000000 
L 1026.200000 276.800000 -360.000000 
L 1016.600000 279.100000 -360.000000 
L 1008.900000 280.900000 -360.000000 
L 967.400000 291.700000 -360.000000 
L 955.400000 294.800000 -360.000000 
L 941.200000 298.600000 -360.000000 
L 929.600000 301.800000 -360.000000 
L 890.000000 312.900000 -360.000000 
L 883.800000 314.700000 -360.000000 
L 875.200000 317.100000 -360.000000 
L 850.100000 324.100000 -360.000000 
L 842.400000 326.300000 -360.000000 
L 816.000000 333.700000 -360.000000 
L 809.100000 335.600000 -360.000000 
L 771.600000 345.600000 -360.000000 
L 765.700000 347.200000 -360.000000 
L 750.200000 351.100000 -360.000000 
L 730.500000 356.000000 -360.000000 
L 718.100000 358.900000 -360.000000 
L 707.400000 361.300000 -360.000000 
L 697.400000 363.600000 -360.000000 
L 681.300000 367.000000 -360.000000 
L 667.100000 369.900000 -360.000000 
L 658.100000 371.500000 -360.000000 
L 649.400000 373.100000 -360.000000 
L 638.400000 375.000000 -360.000000 
L 615.800000 378.500000 -360.000000 
L 609.800000 379.400000 -360.000000 
L 583.500000 382.500000 -360.000000 
L 566.600000 384.100000 -360.000000 
L 558.300000 384.800000 -360.000000 
L 548.000000 385.400000 -360.000000 
L 536.400000 386.000000 -360.000000 
L 521.100000 386.400000 -360.000000 
L 514.200000 386.500000 -360.000000 
L 498.300000 386.100000 -360.000000 
L 480.400000 385.500000 -360.000000 
L 450.300000 383.000000 -360.000000 
L 441.400000 381.900000 -360.000000 
L 413.200000 377.900000 -360.000000 
L 390.200000 373.700000 -360.000000 
L 379.900000 371.700000 -360.000000 
L 369.000000 369.100000 -360.000000 
L 346.900000 363.900000 -360.000000 
L 325.200000 357.800000 -360.000000 
L 315.700000 355.100000 -360.000000 
L 303.500000 351.100000 -360.000000 
L 297.700000 349.200000 -360.000000 
L 289.200000 346.000000 -360.000000 
L 281.500000 343.300000 -360.000000 
L 274.400000 340.400000 -360.000000 
L 264.700000 335.900000 -360.000000 
L 258.900000 333.000000 -360.000000 
L 251.100000 328.900000 -360.000000 
L 245.200000 325.600000 -360.000000 
L 239.700000 322.400000 -360.000000 
L 234.600000 319.100000 -360.000000 
L 229.700000 315.500000 -360.000000 
L 224.200000 310.900000 -360.000000 
L 218.700000 305.500000 -360.000000 
L 214.300000 300.300000 -360.000000 
L 210.500000 295.700000 -360.000000 
L 206.800000 290.600000 -360.000000 
L 199.300000 278.600000 -360.000000 
L 194.900000 269.100000 -360.000000 
L 192.000000 258.400000 -360.000000 
L 191.300000 249.400000 -360.000000 
L 191.100000 241.100000 -360.000000 
L 193.600000 228.000000 -360.000000 
L 198.700000 216.000000 -360.000000 
L 203.600000 208.000000 -360.000000 
L 206.900000 202.700000 -360.000000 
L 211.500000 196.500000 -360.000000 
L 215.600000 191.700000 -360.000000 
L 223.600000 183.200000 -360.000000 
L 223.900000 182.800000 -250.000000 
P 1200.000000 0.000000 -250.000000 
