P 700.000000 0.000000 105.000000 
P 700.000000 0.000000 5.000000 
L 700.000000 16.100000 5.000000 
L 700.000000 450.000000 5.000000 
L 25.000000 450.000000 5.000000 
L 0.000000 450.000000 5.000000 
L 0.000000 433.900000 5.000000 
L 0.000000 0.000000 5.000000 
L 25.000000 0.000000 5.000000 
L 700.000000 0.000000 5.000000 
P 682.000000 18.000000 5.000000 
L 25.000000 18.000000 5.000000 
L 18.000000 18.000000 5.000000 
L 18.000000 432.000000 5.000000 
L 25.000000 432.000000 5.000000 
L 682.000000 432.000000 5.000000 
L 682.000000 18.000000 5.000000 
P 664.000000 36.000000 5.000000 
L 36.000000 36.000000 5.000000 
L 36.000000 414.000000 5.000000 
L 664.000000 414.000000 5.000000 
L 664.000000 36.000000 5.000000 
P 646.000000 54.000000 5.000000 
L 54.000000 54.000000 5.000000 
L 54.000000 396.000000 5.000000 
L 646.000000 396.000000 5.000000 
L 646.000000 54.000000 5.000000 
P 628.000000 72.000000 5.000000 
L 72.000000 72.000000 5.000000 
L 72.000000 378.000000 5.000000 
L 628.000000 378.000000 5.000000 
L 628.000000 72.000000 5.000000 
P 610.000000 90.000000 5.000000 
L 90.000000 90.000000 5.000000 
L 90.000000 360.000000 5.000000 
L 610.000000 360.000000 5.000000 
L 610.000000 90.000000 5.000000 
P 592.000000 108.000000 5.000000 
L 108.000000 108.000000 5.000000 
L 108.000000 342.000000 5.000000 
L 592.000000 342.000000 5.000000 
L 592.000000 108.000000 5.000000 
P 574.000000 126.000000 5.000000 
L 126.000000 126.000000 5.000000 
L 126.000000 324.000000 5.000000 
L 574.000000 324.000000 5.000000 
L 574.000000 126.000000 5.000000 
P 556.000000 144.000000 5.000000 
L 144.000000 144.000000 5.000000 
L 144.000000 306.000000 5.000000 
L 556.000000 306.000000 5.000000 
L 556.000000 144.000000 5.000000 
P 538.000000 162.000000 5.000000 
L 162.000000 162.000000 5.000000 
L 162.000000 288.000000 5.000000 
L 538.000000 288.000000 5.000000 
L 538.000000 162.000000 5.000000 
P 520.000000 180.000000 5.000000 
L 180.000000 180.000000 5.000000 
L 180.000000 270.000000 5.000000 
L 520.000000 270.000000 5.000000 
L 520.000000 180.000000 5.000000 
P 502.000000 198.000000 5.000000 
L 198.000000 198.000000 5.000000 
L 198.000000 252.000000 5.000000 
L 502.000000 252.000000 5.000000 
L 502.000000 198.000000 5.000000 
P 484.000000 216.000000 5.000000 
L 216.000000 216.000000 5.000000 
L 216.000000 234.000000 5.000000 
L 484.000000 234.000000 5.000000 
L 484.000000 216.000000 5.000000 
P 700.000000 0.000000 105.000000 
P 700.000000 0.000000 105.000000 
