P 1026.700000 18.000000 240.000000 
P 1026.700000 18.000000 140.000000 
L 18.000000 18.000000 140.000000 
L 18.000000 34.000000 140.000000 
L 18.000000 492.000000 140.000000 
L 1026.700000 492.000000 140.000000 
L 1082.000000 492.000000 140.000000 
L 1082.000000 476.000000 140.000000 
L 1082.000000 18.000000 140.000000 
L 1026.700000 18.000000 140.000000 
P 1064.000000 474.000000 140.000000 
L 1064.000000 36.000000 140.000000 
L 1026.700000 36.000000 140.000000 
L 36.000000 36.000000 140.000000 
L 36.000000 474.000000 140.000000 
L 1026.700000 474.000000 140.000000 
L 1064.000000 474.000000 140.000000 
P 1046.000000 456.000000 140.000000 
L 1046.000000 54.000000 140.000000 
L 1026.700000 54.000000 140.000000 
L 54.000000 54.000000 140.000000 
L 54.000000 456.000000 140.000000 
L 1026.700000 456.000000 140.000000 
L 1046.000000 456.000000 140.000000 
P 1028.000000 438.000000 140.000000 
L 1028.000000 72.000000 140.000000 
L 72.000000 72.000000 140.000000 
L 72.000000 438.000000 140.000000 
L 1026.700000 438.000000 140.000000 
L 1010.000000 420.000000 140.000000 
L 1010.000000 90.000000 140.000000 
L 90.000000 90.000000 140.000000 
L 90.000000 420.000000 140.000000 
L 1010.000000 420.000000 140.000000 
P 992.000000 402.000000 140.000000 
L 992.000000 108.000000 140.000000 
L 108.000000 108.000000 140.000000 
L 108.000000 402.000000 140.000000 
L 992.000000 402.000000 140.000000 
P 974.000000 384.000000 140.000000 
L 974.000000 126.000000 140.000000 
L 126.000000 126.000000 140.000000 
L 126.000000 384.000000 140.000000 
L 974.000000 384.000000 140.000000 
P 956.000000 366.000000 140.000000 
L 956.000000 144.000000 140.000000 
L 144.000000 144.000000 140.000000 
L 144.000000 366.000000 140.000000 
L 956.000000 366.000000 140.000000 
P 938.000000 348.000000 140.000000 
L 938.000000 162.000000 140.000000 
L 162.000000 162.000000 140.000000 
L 162.000000 348.000000 140.000000 
L 938.000000 348.000000 140.000000 
P 920.000000 330.000000 140.000000 
L 920.000000 180.000000 140.000000 
L 180.000000 180.000000 140.000000 
L 180.000000 330.000000 140.000000 
L 920.000000 330.000000 140.000000 
P 902.000000 312.000000 140.000000 
L 902.000000 198.000000 140.000000 
L 198.000000 198.000000 140.000000 
L 198.000000 312.000000 140.000000 
L 902.000000 312.000000 140.000000 
P 884.000000 294.000000 140.000000 
L 884.000000 216.000000 140.000000 
L 216.000000 216.000000 140.000000 
L 216.000000 294.000000 140.000000 
L 884.000000 294.000000 140.000000 
P 866.000000 276.000000 140.000000 
L 866.000000 234.000000 140.000000 
L 234.000000 234.000000 140.000000 
L 234.000000 276.000000 140.000000 
L 866.000000 276.000000 140.000000 
P 848.000000 258.000000 140.000000 
L 848.000000 252.000000 140.000000 
L 252.000000 252.000000 140.000000 
L 252.000000 258.000000 140.000000 
L 848.000000 258.000000 140.000000 
P 1026.700000 18.000000 240.000000 
P 1026.700000 18.000000 240.000000 
